213228885
191791971
148771091
546331868
167872104
195475832
125962688
918232553
315813185
100821528
199084212
262966077
258021476
287262724
213137925
517698401
897011260
203522988
204092440
350318144
212813140
109841195
318621958
905658752
177696015
106032416
320992076
220742172
866126514
182892469
171993127
110751679
639323074
283222591
517014320
258132046
148524239
177792738
174839171
137061290
925932392
108822263
169312126
166313224
164132409
400623675
221616301
322838417
472105792
104363029
179838412
203732303
149812038
880219098
280131740
260081242
219571321
215001049
166684312
157742197
214912913
872926341
223212468
214702497
289661369
105229337
136582012
231661639
238051206
250501723
109312384
269512559
100091351
155992567
143752409
252432112
175121301
229911813
193516752
264722707
207742635
237101006
209242649
148111225
296041932
352020909
252928615
590893231
966181335
148955912
355015698
566011042
233731568
254864645
180525705
141673080
294002948
133122985
154542136
658641043
122031189
270652274
547427246
270682351
158120436
118572740
249859547
240777074
218112253
354715741
147482876
220241353
767819276
440238711
222653158
281369420
320041591
171948950
994830257
735764844
190573137
229545285
702617162
123162986
290351457
639311323
131582021
147431631
847219865
760584016
215102806
168822027
470412143
166964264
287731469
220348083
121451378
108311689
318097152
168201117
518278671
177616514
296722715
304216891
249352579
274465581
181101176
234174341
303131976
135122427
204531183
601016913
123131801
309417094
116801462
225322732
317013997
275232744
152235914
313663212
273723153
209071247
130812464
283022274
178266498
267517087
143419393
369629957
319803071
144833651
209677225
613784011
164210222
154151533
659418724
175923778
105192121
179912552
763424936
946566271
221872958
288661543
164304725
256512391
304910548
181949011
516715567
220794501
309210313
827428943
324047008
220268881
111021185
237451789
726526971
140692156
138192672
316702227
134502534
